20 20
4 4 4 4 4 4 4 4 4 4 4 4 4 4 4 4 4 4 4 4 
4 1 1 1 1 1 1 1 4 1 1 1 1 1 1 1 4 1 1 4 
4 1 1 1 1 1 1 1 4 1 1 1 1 1 1 1 1 1 1 4 
4 1 1 1 1 1 1 1 4 1 1 1 1 1 1 1 1 1 1 4 
4 1 1 1 1 1 1 1 4 1 1 1 12 4 1 1 4 1 1 4 
4 1 1 1 4 1 1 1 4 1 1 1 1 4 1 1 4 1 1 4 
4 1 1 1 4 1 1 1 4 1 1 1 1 4 1 1 4 1 1 4 
4 1 1 1 4 1 1 1 4 1 1 1 1 4 1 1 1 1 1 33 
17 1 1 1 4 1 1 1 4 1 1 1 1 4 1 1 1 1 1 4 
4 1 1 1 4 1 1 1 4 1 1 1 64 64 64 1 1 1 1 4 
4 1 1 1 4 1 3 1 4 1 1 1 64 64 64 1 3 1 1 4 
4 1 1 1 4 1 1 1 4 1 1 1 64 64 64 1 1 1 1 4 
4 1 1 1 4 1 1 1 4 4 1 1 64 64 64 1 1 1 1 4 
4 1 1 1 4 1 1 1 4 4 1 1 64 64 64 1 1 1 1 4 
4 1 1 1 4 1 1 1 4 12 1 1 1 4 1 1 1 1 1 4 
4 1 1 1 4 1 1 1 1 1 1 1 1 4 1 1 1 1 1 4 
4 1 3 1 1 1 1 1 1 1 1 1 1 4 1 1 1 1 1 4 
4 1 1 1 4 1 1 1 1 1 1 1 1 4 1 1 1 1 1 4 
4 1 1 1 4 1 1 1 1 1 1 1 1 4 1 1 1 1 1 4 
4 4 4 4 4 4 4 4 4 4 4 4 4 4 4 4 4 4 4 4 
