30 30
4 4 4 4 4 4 4 4 4 4 4 4 4 4 4 4 4 4 4 4 4 4 4 4 4 4 4 4 4 4 
4 1 1 1 1 1 1 1 1 1 1 1 1 1 4 1 1 1 1 12 64 1 17 4 4 1 1 4 4 4 
4 1 4 4 1 4 4 1 4 4 1 4 4 1 4 1 1 1 1 64 64 1 1 4 4 1 1 4 4 4 
4 1 1 1 1 1 3 1 1 1 3 1 1 1 1 1 1 1 1 64 64 1 1 4 4 1 1 1 1 33 
4 1 4 1 1 1 1 1 1 1 1 1 1 1 1 1 4 3 1 64 64 3 1 4 4 1 1 1 1 4 
4 1 1 1 1 12 4 4 4 4 4 12 1 1 1 1 4 1 1 64 64 64 1 4 4 1 1 1 1 4 
4 1 4 1 17 4 1 1 1 1 17 4 1 1 1 1 4 1 1 64 12 64 1 4 4 1 1 1 1 4 
4 1 1 1 4 17 1 12 4 1 1 4 1 1 4 1 4 1 1 64 64 3 1 4 4 1 1 1 1 4 
4 1 4 1 12 4 1 17 4 1 4 4 1 1 4 1 4 1 17 64 3 1 1 4 4 1 1 1 1 4 
4 1 1 1 1 4 1 1 4 1 4 1 1 1 4 1 4 1 1 64 1 1 17 4 4 1 1 1 1 4 
4 1 4 1 1 4 1 1 4 1 12 1 3 1 4 1 4 1 1 64 1 1 4 1 1 1 1 1 1 4 
4 1 1 1 1 4 4 4 12 1 1 4 1 1 4 1 4 1 3 64 3 1 4 1 1 1 1 1 1 4 
4 1 4 1 1 1 1 1 1 1 17 4 1 1 4 1 4 1 1 1 1 1 4 1 1 64 64 64 1 4 
4 1 1 4 4 4 4 4 4 4 4 12 1 1 4 1 4 17 1 1 1 17 4 1 1 64 64 64 1 4 
4 1 3 64 64 64 64 64 64 64 64 64 1 1 4 1 4 4 4 4 4 4 4 1 1 64 64 64 1 4 
4 1 17 64 64 64 64 64 64 64 64 64 1 17 4 1 1 1 1 1 1 1 1 1 1 1 1 1 1 4 
4 4 4 4 4 4 4 4 4 4 4 4 4 4 4 4 4 4 4 4 4 4 4 4 4 1 1 4 4 4 
4 1 1 1 1 1 1 1 1 1 1 1 1 1 1 1 1 1 1 1 1 1 1 1 1 1 1 1 1 4 
4 1 1 1 1 1 1 1 1 1 1 1 1 1 1 1 1 1 1 1 1 1 1 1 1 1 1 1 1 4 
4 64 64 64 1 4 4 4 4 1 4 4 4 1 4 4 4 1 4 4 4 1 1 1 1 1 1 1 1 4 
4 64 64 64 1 4 4 4 12 1 4 4 12 1 4 4 12 1 4 4 12 1 1 1 1 1 1 1 1 4 
4 64 64 64 1 4 1 1 1 1 1 1 1 1 1 1 1 1 1 1 1 1 1 1 1 1 1 1 1 4 
4 64 64 64 1 4 1 17 1 1 1 1 3 1 1 1 1 1 1 1 1 1 1 1 1 1 1 1 1 4 
4 64 64 64 1 4 1 1 1 1 1 1 1 1 1 1 1 1 1 1 1 1 1 1 1 1 1 1 1 4 
4 64 64 64 1 4 4 4 1 1 1 1 1 1 17 4 4 4 4 4 4 1 1 1 1 1 1 1 1 4 
4 1 1 1 1 1 1 1 4 4 4 4 4 4 4 4 1 1 1 1 1 4 4 4 3 1 1 1 1 4 
4 1 1 1 1 1 1 1 1 1 1 1 1 1 17 4 1 1 3 1 1 4 4 4 1 1 1 1 1 4 
4 1 1 3 1 1 1 1 4 1 1 1 1 1 1 4 1 1 1 1 1 4 4 4 1 1 1 17 1 4 
4 1 1 1 1 1 1 1 4 1 3 1 1 1 1 1 1 1 1 1 17 12 4 4 1 1 1 1 1 4 
4 4 4 4 4 4 4 4 4 4 4 4 4 4 4 4 4 4 4 4 4 4 4 4 4 4 4 4 4 4 
